0 0.552734375 0.23046875000000006 0.4765625 0.23046875000000006 0.4765625 0.3007812500000001 0.552734375 0.3007812500000001
0 0.548828125 0.09570312500000006 0.490234375 0.09570312500000006 0.490234375 0.18554687500000006 0.548828125 0.18554687500000006
0 0.19726562500000003 0.15234375 0.12109375000000003 0.15234375 0.12109375000000003 0.25390625 0.19726562500000006 0.25390625
0 0.4902343750000001 0.46289062500000006 0.4199218750000001 0.462890625 0.4199218750000001 0.509765625 0.4902343750000001 0.509765625
0 0.853515625 0.3710937500000001 0.806640625 0.3710937500000001 0.806640625 0.4433593750000001 0.853515625 0.4433593750000001
0 0.84765625 0.619140625 0.7578125 0.619140625 0.7578125 0.69140625 0.84765625 0.69140625
0 0.51953125 0.69140625 0.4453125000000001 0.69140625 0.4453125000000001 0.75390625 0.51953125 0.75390625
0 0.615234375 0.802734375 0.560546875 0.802734375 0.560546875 0.876953125 0.615234375 0.876953125
0 0.8632812500000002 0.931640625 0.7929687500000002 0.931640625 0.7929687500000002 1 0.8632812500000002 1
0 0.2246093750000001 0.810546875 0.1328125000000001 0.810546875 0.1328125000000001 0.861328125 0.2246093750000001 0.861328125
0 0.4589843750000001 0.970703125 0.3964843750000001 0.970703125 0.3964843750000001 1 0.4589843750000001 1
0 0.2441406250000001 0.892578125 0.1972656250000001 0.892578125 0.1972656250000001 0.9375 0.2441406250000001 0.9375