0 0.865234375 0.1640625000000001 0.765625 0.1640625000000001 0.765625 0.2871093750000001 0.865234375 0.2871093750000001
0 0.9296875 0.3281250000000001 0.845703125 0.3281250000000001 0.845703125 0.4179687500000001 0.9296875 0.4179687500000001
0 0.876953125 0.4707031250000001 0.75390625 0.4707031250000001 0.75390625 0.587890625 0.876953125 0.587890625
0 0.74609375 0.53125 0.58984375 0.53125 0.58984375 0.634765625 0.74609375 0.634765625
0 0.48046875 0.36718750000000006 0.38671875 0.3671875 0.38671875 0.43945312500000006 0.48046875 0.4394531250000001
0 0.556640625 0.66796875 0.4296875000000001 0.66796875 0.4296875000000001 0.77734375 0.556640625 0.77734375
0 0.6328125000000001 0.787109375 0.4648437500000001 0.787109375 0.4648437500000001 0.916015625 0.6328125000000002 0.916015625
0 0.21679687500000006 0.33203125 0.12304687500000003 0.33203125 0.12304687500000004 0.421875 0.21679687500000006 0.421875
0 0.3613281250000001 0.521484375 0.2890625000000001 0.521484375 0.2890625000000001 0.587890625 0.3613281250000001 0.587890625
0 0.13867187500000008 0.650390625 0.07226562500000008 0.650390625 0.07226562500000008 0.71875 0.1386718750000001 0.71875
0 0.9511718750000002 0.9101562500000001 0.7968750000000002 0.91015625 0.7968750000000002 1 0.9511718750000002 1
0 0.73046875 0.20507812500000008 0.65625 0.20507812500000006 0.65625 0.2636718750000001 0.73046875 0.2636718750000001
0 0.17578125000000006 0.427734375 0.08984375000000006 0.427734375 0.08984375000000006 0.49609375 0.17578125000000006 0.49609375