0 0.572265625 0.15625000000000006 0.466796875 0.15625000000000006 0.466796875 0.2558593750000001 0.572265625 0.2558593750000001
0 0.40625 0.23437500000000006 0.349609375 0.23437500000000006 0.349609375 0.27734375 0.40625 0.27734375
0 0.22656250000000003 0.15625 0.10937500000000003 0.15625 0.10937500000000003 0.27734375 0.22656250000000006 0.27734375
0 0.4296875 0.02343750000000005 0.35546875 0.02343750000000004 0.35546875 0.06835937500000006 0.4296875 0.06835937500000006
0 0.79296875 0.04296875000000009 0.724609375 0.04296875000000008 0.724609375 0.10742187500000008 0.79296875 0.10742187500000008
0 0.806640625 0.2636718750000001 0.712890625 0.2636718750000001 0.712890625 0.4707031250000001 0.806640625 0.4707031250000001
0 0.4589843750000001 0.48632812500000006 0.3847656250000001 0.486328125 0.3847656250000001 0.5390625 0.4589843750000001 0.5390625
0 0.798828125 0.556640625 0.74609375 0.556640625 0.74609375 0.62890625 0.798828125 0.62890625
0 0.509765625 0.681640625 0.4453125000000001 0.681640625 0.4453125000000001 0.748046875 0.509765625 0.748046875
0 0.5234375 0.775390625 0.4433593750000001 0.775390625 0.4433593750000001 0.880859375 0.5234375 0.880859375
0 0.1835937500000001 0.716796875 0.11523437500000008 0.716796875 0.1152343750000001 0.818359375 0.1835937500000001 0.818359375
0 1 0.0019531250000001167 0.90625 0.001953125000000111 0.90625 0.1718750000000001 1 0.1718750000000001