0 0.677734375 0.23828125000000006 0.591796875 0.23828125000000006 0.591796875 0.3183593750000001 0.677734375 0.3183593750000001
0 0.75390625 0.2246093750000001 0.689453125 0.2246093750000001 0.689453125 0.2949218750000001 0.75390625 0.2949218750000001
0 0.740234375 0.10546875000000008 0.642578125 0.10546875000000008 0.642578125 0.16992187500000008 0.740234375 0.1699218750000001
0 0.326171875 0.17578125000000006 0.2421875 0.17578125000000006 0.24218750000000003 0.23046875000000006 0.326171875 0.23046875000000006
0 0.21875000000000006 0.271484375 0.001953125000000033 0.271484375 0.001953125000000053 0.591796875 0.21875000000000006 0.591796875
0 0.0957031250000001 0.751953125 0.003906250000000092 0.751953125 0.003906250000000107 0.98828125 0.09570312500000011 0.98828125
0 0.3535156250000001 0.7421875 0.2402343750000001 0.7421875 0.2402343750000001 0.962890625 0.3535156250000001 0.962890625
0 0.576171875 0.568359375 0.3554687500000001 0.568359375 0.3554687500000001 0.69921875 0.576171875 0.69921875
0 0.93359375 0.5917968750000001 0.77734375 0.591796875 0.77734375 0.7949218750000001 0.93359375 0.7949218750000002
0 0.740234375 0.4472656250000001 0.669921875 0.4472656250000001 0.669921875 0.53515625 0.740234375 0.53515625
0 0.7968750000000002 0.93359375 0.6835937500000002 0.93359375 0.6835937500000002 1 0.7968750000000002 1