0 0.17773437500000003 0.181640625 0.08007812500000003 0.181640625 0.08007812500000003 0.259765625 0.17773437500000006 0.259765625
0 0.6015625 0.05859375000000006 0.48828125 0.058593750000000056 0.48828125 0.24218750000000006 0.6015625 0.24218750000000006
0 0.2148437500000001 0.80859375 0.12109375000000011 0.80859375 0.12109375000000011 0.919921875 0.2148437500000001 0.919921875
0 0.568359375 0.716796875 0.4179687500000001 0.716796875 0.4179687500000001 0.853515625 0.568359375 0.853515625
0 0.7695312500000002 0.953125 0.6210937500000002 0.953125 0.6210937500000002 1 0.7695312500000002 1
0 0.8125 0.3769531250000001 0.642578125 0.3769531250000001 0.642578125 0.4980468750000001 0.8125 0.4980468750000001
0 0.84765625 0.03515625000000009 0.669921875 0.03515625000000008 0.669921875 0.20703125000000008 0.84765625 0.2070312500000001
0 0.32421875 0.011718750000000031 0.208984375 0.011718750000000024 0.208984375 0.058593750000000035 0.32421875 0.05859375000000004
0 0.5312500000000001 0.876953125 0.3886718750000001 0.876953125 0.3886718750000001 1 0.5312500000000002 1
0 0.3203125000000001 0.794921875 0.2207031250000001 0.794921875 0.2207031250000001 0.904296875 0.3203125000000001 0.904296875
0 0.2714843750000001 0.892578125 0.1933593750000001 0.892578125 0.1933593750000001 0.98046875 0.2714843750000001 0.98046875
0 0.005859375000000093 0.71875 8.802148868871601e-17 0.71875 9.256607641992689e-17 0.79296875 0.005859375000000097 0.79296875
0 0.248046875 0.12890625000000003 0.158203125 0.12890625 0.158203125 0.18359375000000003 0.248046875 0.18359375000000006
0 0.326171875 0.10546875000000003 0.244140625 0.10546875000000003 0.244140625 0.21484375000000006 0.326171875 0.21484375000000006