0 0.501953125 0.33007812500000006 0.40625 0.330078125 0.40625 0.42578125000000006 0.501953125 0.4257812500000001
0 0.3515625 0.07031250000000004 0.251953125 0.07031250000000003 0.251953125 0.16992187500000006 0.3515625 0.16992187500000006
0 0.18164062500000006 0.283203125 0.07421875000000003 0.283203125 0.07421875000000004 0.390625 0.18164062500000006 0.390625
0 0.12109375000000006 0.455078125 0.017578125000000056 0.455078125 0.017578125000000062 0.55859375 0.12109375000000006 0.55859375
0 0.17187500000000008 0.5625 0.03125000000000007 0.5625 0.031250000000000076 0.703125 0.1718750000000001 0.703125
0 0.755859375 0.677734375 0.625 0.677734375 0.625 0.80859375 0.755859375 0.80859375
0 0.76171875 0.4882812500000001 0.677734375 0.4882812500000001 0.677734375 0.572265625 0.76171875 0.572265625
0 0.640625 0.4414062500000001 0.564453125 0.4414062500000001 0.564453125 0.517578125 0.640625 0.517578125
0 0.3828125 0.20507812500000006 0.283203125 0.20507812500000006 0.283203125 0.3046875 0.3828125 0.3046875
0 0.814453125 0.01757812500000009 0.701171875 0.017578125000000083 0.701171875 0.1308593750000001 0.814453125 0.1308593750000001
0 0.947265625 0.2558593750000001 0.78125 0.2558593750000001 0.78125 0.4218750000000001 0.947265625 0.4218750000000001
0 0.7519531250000001 0.810546875 0.646484375 0.810546875 0.6464843750000001 0.916015625 0.7519531250000002 0.916015625
0 0.3476562500000001 0.751953125 0.2714843750000001 0.751953125 0.2714843750000001 0.828125 0.3476562500000001 0.828125