0 0.396484375 0.24023437500000006 0.3125 0.24023437500000006 0.3125 0.31640625 0.396484375 0.31640625
0 0.34375 0.10546875000000004 0.244140625 0.10546875000000003 0.244140625 0.18945312500000006 0.34375 0.18945312500000006
0 0.296875 0.22656250000000006 0.232421875 0.22656250000000006 0.23242187500000003 0.291015625 0.296875 0.291015625
0 0.73046875 0.17578125000000008 0.65234375 0.17578125000000006 0.65234375 0.2500000000000001 0.73046875 0.2500000000000001
0 0.76953125 0.09179687500000008 0.673828125 0.09179687500000008 0.673828125 0.14453125000000008 0.76953125 0.1445312500000001
0 0.8203125 0.1464843750000001 0.779296875 0.1464843750000001 0.779296875 0.1972656250000001 0.8203125 0.1972656250000001
0 0.32031250000000006 0.4375 0.25 0.4375 0.25000000000000006 0.505859375 0.3203125000000001 0.505859375
0 0.4355468750000001 0.4921875 0.3652343750000001 0.4921875 0.3652343750000001 0.560546875 0.4355468750000001 0.560546875
0 0.587890625 0.583984375 0.4062500000000001 0.583984375 0.4062500000000001 0.66796875 0.587890625 0.66796875
0 0.623046875 0.541015625 0.560546875 0.541015625 0.560546875 0.595703125 0.623046875 0.595703125
0 0.732421875 0.552734375 0.669921875 0.552734375 0.669921875 0.6484375 0.732421875 0.6484375
0 0.7402343750000001 0.833984375 0.666015625 0.833984375 0.6660156250000001 0.916015625 0.7402343750000002 0.916015625
0 0.705078125 0.703125 0.615234375 0.703125 0.615234375 0.787109375 0.705078125 0.787109375
0 0.3066406250000001 0.900390625 0.2011718750000001 0.900390625 0.2011718750000001 0.962890625 0.3066406250000001 0.962890625
0 0.2500000000000001 0.595703125 0.06054687500000007 0.595703125 0.06054687500000008 0.740234375 0.2500000000000001 0.740234375
0 0.97265625 0.2910156250000001 0.7421875 0.2910156250000001 0.7421875 0.4257812500000001 0.97265625 0.4257812500000001