0 0.22460937500000003 0.1640625 0.15625 0.1640625 0.15625000000000003 0.265625 0.22460937500000006 0.265625
0 0.474609375 0.18359375000000006 0.3125 0.18359375000000006 0.3125 0.36132812500000006 0.474609375 0.3613281250000001
0 0.51953125 0.39843750000000006 0.404296875 0.3984375 0.40429687500000006 0.533203125 0.51953125 0.533203125
0 0.677734375 0.4101562500000001 0.5390625 0.4101562500000001 0.5390625 0.546875 0.677734375 0.546875
0 0.890625 0.3222656250000001 0.68359375 0.3222656250000001 0.68359375 0.54296875 0.890625 0.54296875
0 0.744140625 8.586878923708981e-17 0.658203125 8.060663502200352e-17 0.658203125 0.19921875000000008 0.744140625 0.1992187500000001
0 0.8828125 0.0976562500000001 0.7890625 0.09765625000000008 0.7890625 0.1933593750000001 0.8828125 0.1933593750000001
0 0.62109375 0.20117187500000006 0.564453125 0.20117187500000006 0.564453125 0.2890625000000001 0.62109375 0.2890625000000001
0 0.17968750000000006 0.3203125 0.07617187500000003 0.3203125 0.07617187500000004 0.41015625 0.17968750000000006 0.41015625
0 0.3886718750000001 0.7265625 0.2441406250000001 0.7265625 0.2441406250000001 0.80859375 0.3886718750000001 0.80859375
0 1 0.1445312500000001 0.98828125 0.1445312500000001 0.98828125 0.2539062500000001 1 0.2539062500000001
0 1 1.1684374245771134e-16 0.908203125 1.1122280500068734e-16 0.908203125 0.1308593750000001 1 0.1308593750000001