0 0.685546875 0.06250000000000007 0.515625 0.06250000000000006 0.515625 0.19531250000000008 0.685546875 0.1953125000000001
0 1 0.06054687500000011 0.84765625 0.0605468750000001 0.84765625 0.1757812500000001 1 0.1757812500000001
0 0.662109375 0.3085937500000001 0.5703125 0.3085937500000001 0.5703125 0.3906250000000001 0.662109375 0.3906250000000001
0 0.341796875 0.265625 0.275390625 0.265625 0.275390625 0.345703125 0.341796875 0.345703125
0 0.34375000000000006 0.42578125 0.283203125 0.42578125 0.28320312500000006 0.46875 0.3437500000000001 0.46875
0 0.599609375 0.4726562500000001 0.537109375 0.4726562500000001 0.537109375 0.55078125 0.599609375 0.55078125
0 0.8515625 0.59375 0.712890625 0.59375 0.712890625 0.734375 0.8515625 0.734375
0 0.8613281250000001 0.775390625 0.744140625 0.775390625 0.7441406250000001 0.94140625 0.8613281250000002 0.94140625
0 0.64453125 0.791015625 0.580078125 0.791015625 0.580078125 0.8515625 0.64453125 0.8515625
0 0.14062500000000006 0.572265625 0.06250000000000008 0.572265625 0.06250000000000008 0.63671875 0.14062500000000006 0.63671875
0 0.771484375 0.4511718750000001 0.71484375 0.4511718750000001 0.71484375 0.509765625 0.771484375 0.509765625