0 0.533203125 0.13671875000000006 0.4140625 0.13671875000000006 0.4140625 0.24609375000000006 0.533203125 0.24609375000000006
0 0.662109375 0.22265625000000006 0.59765625 0.22265625000000006 0.59765625 0.2695312500000001 0.662109375 0.2695312500000001
0 0.921875 0.1367187500000001 0.7890625 0.1367187500000001 0.7890625 0.2695312500000001 0.921875 0.2695312500000001
0 0.64453125 7.402894225314566e-17 0.564453125 6.912557127999709e-17 0.564453125 0.042968750000000076 0.64453125 0.04296875000000008
0 0.248046875 0.015625000000000024 0.169921875 0.01562500000000002 0.169921875 0.08593750000000003 0.248046875 0.08593750000000003
0 0.27539062500000006 0.25390625 0.16406250000000006 0.25390625 0.16406250000000006 0.478515625 0.2753906250000001 0.478515625
0 0.634765625 0.4960937500000001 0.552734375 0.4960937500000001 0.552734375 0.552734375 0.634765625 0.552734375
0 0.24609375000000006 0.572265625 0.18554687500000006 0.572265625 0.18554687500000006 0.650390625 0.24609375000000006 0.650390625
0 0.578125 0.70703125 0.505859375 0.70703125 0.505859375 0.779296875 0.578125 0.779296875
0 0.5859375000000001 0.80859375 0.4941406250000001 0.80859375 0.4941406250000001 0.923828125 0.5859375000000002 0.923828125
0 0.939453125 0.7460937500000001 0.861328125 0.74609375 0.861328125 0.8554687500000001 0.939453125 0.8554687500000002
0 0.05273437500000001 3.2290491774393107e-18 0 0 9.447958704359464e-18 0.154296875 0.052734375000000014 0.154296875