0 0.328125 0.058593750000000035 0.244140625 0.05859375000000003 0.244140625 0.11718750000000003 0.328125 0.11718750000000003
0 0.787109375 0.2890625000000001 0.69921875 0.2890625000000001 0.69921875 0.4355468750000001 0.787109375 0.4355468750000001
0 0.78125 0.546875 0.662109375 0.546875 0.662109375 0.6328125 0.78125 0.6328125
0 0.787109375 0.685546875 0.6484375 0.685546875 0.6484375 0.796875 0.787109375 0.796875
0 0.978515625 0.4082031250000001 0.87109375 0.4082031250000001 0.87109375 0.5175781250000001 0.978515625 0.5175781250000002
0 0.3671875000000001 0.7890625 0.2656250000000001 0.7890625 0.2656250000000001 0.861328125 0.3671875000000001 0.861328125
0 0.6015625 0.2871093750000001 0.51953125 0.2871093750000001 0.51953125 0.3437500000000001 0.6015625 0.3437500000000001
0 0.884765625 0.0703125000000001 0.625 0.07031250000000008 0.625 0.21289062500000008 0.884765625 0.2128906250000001
0 0.03320312500000009 0.650390625 7.964987971016965e-17 0.650390625 8.814108310269524e-17 0.7890625 0.0332031250000001 0.7890625
0 0.20703125000000006 0.380859375 0.12695312500000006 0.380859375 0.12695312500000006 0.482421875 0.20703125000000006 0.482421875
0 0.91796875 0.2968750000000001 0.849609375 0.2968750000000001 0.849609375 0.3671875000000001 0.91796875 0.3671875000000001