0 0.22265625000000003 0.16015625 0.1328125 0.16015625 0.13281250000000003 0.275390625 0.22265625000000006 0.275390625
0 0.14257812500000006 0.314453125 0.06640625000000003 0.314453125 0.06640625000000004 0.3984375 0.14257812500000006 0.3984375
0 0.22460937500000006 0.453125 0.11132812500000006 0.453125 0.11132812500000006 0.5625 0.22460937500000006 0.5625
0 0.3789062500000001 0.517578125 0.23437500000000006 0.517578125 0.23437500000000006 0.611328125 0.3789062500000001 0.611328125
0 0.580078125 0.3671875000000001 0.494140625 0.3671875000000001 0.494140625 0.4335937500000001 0.580078125 0.4335937500000001
0 0.529296875 0.654296875 0.4101562500000001 0.654296875 0.4101562500000001 0.75390625 0.529296875 0.75390625
0 0.4902343750000001 0.765625 0.3320312500000001 0.765625 0.3320312500000001 0.8828125 0.4902343750000001 0.8828125
0 0.833984375 0.3437500000000001 0.74609375 0.3437500000000001 0.74609375 0.4257812500000001 0.833984375 0.4257812500000001
0 0.66796875 0.517578125 0.6015625 0.517578125 0.6015625 0.578125 0.66796875 0.578125
0 0.873046875 0.6484375 0.810546875 0.6484375 0.810546875 0.7109375 0.873046875 0.7109375
0 0.1679687500000001 0.873046875 0.025390625000000104 0.873046875 0.02539062500000011 0.990234375 0.1679687500000001 0.990234375
0 0.328125 0.20312500000000006 0.259765625 0.20312500000000006 0.259765625 0.2578125 0.328125 0.2578125
0 0.86328125 0.4355468750000001 0.783203125 0.4355468750000001 0.783203125 0.4980468750000001 0.86328125 0.4980468750000001