0 0.1308593750000001 0.712890625 0.005859375000000087 0.712890625 0.005859375000000103 0.9765625 0.1308593750000001 0.9765625
0 0.3867187500000001 0.78515625 0.3085937500000001 0.78515625 0.3085937500000001 0.8671875 0.3867187500000001 0.8671875
0 0.3691406250000001 0.55078125 0.3144531250000001 0.55078125 0.3144531250000001 0.60546875 0.3691406250000001 0.60546875
0 0.3007812500000001 0.552734375 0.21875000000000006 0.552734375 0.21875000000000006 0.630859375 0.3007812500000001 0.630859375
0 0.515625 0.44531250000000006 0.375 0.4453125 0.37500000000000006 0.537109375 0.515625 0.537109375
0 0.626953125 0.4589843750000001 0.546875 0.4589843750000001 0.546875 0.576171875 0.626953125 0.576171875
0 0.701171875 0.69921875 0.560546875 0.69921875 0.560546875 0.771484375 0.701171875 0.771484375
0 0.4785156250000001 0.681640625 0.4179687500000001 0.681640625 0.4179687500000001 0.744140625 0.4785156250000001 0.744140625
0 0.7734375 0.19531250000000008 0.658203125 0.19531250000000006 0.658203125 0.2617187500000001 0.7734375 0.2617187500000001
0 0.97265625 0.2246093750000001 0.91796875 0.2246093750000001 0.91796875 0.3203125000000001 0.97265625 0.3203125000000001
0 0.349609375 0.20507812500000006 0.29296875 0.20507812500000006 0.29296875 0.27734375 0.349609375 0.27734375
0 0.2617187500000001 0.76171875 0.1953125000000001 0.76171875 0.1953125000000001 0.84765625 0.2617187500000001 0.84765625
0 0.91015625 0.5742187500000001 0.8515625 0.57421875 0.8515625 0.6542968750000001 0.91015625 0.6542968750000002
0 0.3886718750000001 0.892578125 0.3300781250000001 0.892578125 0.3300781250000001 0.9609375 0.3886718750000001 0.9609375