0 0.625 0.3437500000000001 0.517578125 0.3437500000000001 0.517578125 0.4531250000000001 0.625 0.4531250000000001
0 0.802734375 0.05468750000000009 0.689453125 0.05468750000000008 0.689453125 0.1660156250000001 0.802734375 0.1660156250000001
0 0.990234375 0.2812500000000001 0.87109375 0.2812500000000001 0.87109375 0.4023437500000001 0.990234375 0.4023437500000001
0 0.986328125 0.4707031250000001 0.931640625 0.4707031250000001 0.931640625 0.5859375000000002 0.986328125 0.5859375000000002
0 0.982421875 0.5898437500000001 0.869140625 0.58984375 0.869140625 0.7460937500000001 0.982421875 0.7460937500000002
0 0.3730468750000001 0.732421875 0.2265625000000001 0.732421875 0.2265625000000001 0.880859375 0.3730468750000001 0.880859375
0 0.3203125000000001 0.52734375 0.22656250000000006 0.52734375 0.22656250000000006 0.62109375 0.3203125000000001 0.62109375
0 0.4472656250000001 0.470703125 0.3613281250000001 0.470703125 0.3613281250000001 0.556640625 0.4472656250000001 0.556640625
0 0.763671875 0.20312500000000008 0.65234375 0.20312500000000006 0.65234375 0.3164062500000001 0.763671875 0.3164062500000001
0 0.310546875 0.01171875000000003 0.18359375 0.01171875000000002 0.18359375 0.13867187500000003 0.310546875 0.13867187500000006
0 0.21484375000000006 0.2734375 0.027343750000000035 0.2734375 0.027343750000000045 0.462890625 0.21484375000000006 0.462890625
0 0.3457031250000001 0.87890625 0.2265625000000001 0.87890625 0.2265625000000001 0.9921875 0.3457031250000001 0.9921875
0 0.759765625 0.802734375 0.671875 0.802734375 0.671875 0.890625 0.759765625 0.890625