0 0.71484375 0.24218750000000008 0.62109375 0.24218750000000006 0.62109375 0.3281250000000001 0.71484375 0.3281250000000001
0 0.791015625 0.09765625000000008 0.681640625 0.09765625000000008 0.681640625 0.1894531250000001 0.791015625 0.1894531250000001
0 0.802734375 0.2285156250000001 0.73046875 0.2285156250000001 0.73046875 0.2988281250000001 0.802734375 0.2988281250000001
0 0.34765625 0.17773437500000006 0.26171875 0.17773437500000006 0.26171875 0.259765625 0.34765625 0.259765625
0 0.326171875 0.08789062500000003 0.220703125 0.08789062500000003 0.220703125 0.14648437500000003 0.326171875 0.14648437500000006
0 0.2109375 0.1484375 0.1640625 0.1484375 0.1640625 0.203125 0.2109375 0.203125
0 0.77734375 0.4570312500000001 0.69921875 0.4570312500000001 0.69921875 0.53125 0.77734375 0.53125
0 0.650390625 0.517578125 0.572265625 0.517578125 0.572265625 0.59375 0.650390625 0.59375
0 0.60546875 0.619140625 0.4042968750000001 0.619140625 0.4042968750000001 0.7109375 0.60546875 0.7109375
0 0.4375000000000001 0.57421875 0.3691406250000001 0.57421875 0.3691406250000001 0.6328125 0.4375000000000001 0.6328125
0 0.3183593750000001 0.587890625 0.24804687500000006 0.587890625 0.24804687500000008 0.69140625 0.3183593750000001 0.69140625
0 0.3164062500000001 0.892578125 0.2343750000000001 0.892578125 0.2343750000000001 0.982421875 0.3164062500000001 0.982421875
0 0.3750000000000001 0.75 0.2734375000000001 0.75 0.2734375000000001 0.841796875 0.3750000000000001 0.841796875
0 0.8183593750000002 0.95703125 0.7050781250000002 0.95703125 0.7050781250000002 0.9921875 0.8183593750000002 0.9921875
0 0.978515625 0.6250000000000001 0.76953125 0.625 0.76953125 0.7851562500000001 0.978515625 0.7851562500000002
0 0.24609375000000006 0.302734375 3.707426833356245e-17 0.302734375 4.628303820996344e-17 0.453125 0.24609375000000006 0.453125