0 0.859375 0.2382812500000001 0.712890625 0.2382812500000001 0.712890625 0.3613281250000001 0.859375 0.3613281250000001
0 0.705078125 0.4082031250000001 0.525390625 0.4082031250000001 0.525390625 0.5546875 0.705078125 0.5546875
0 0.666015625 0.591796875 0.568359375 0.591796875 0.568359375 0.685546875 0.666015625 0.685546875
0 0.6855468750000001 0.79296875 0.5390625 0.79296875 0.5390625000000001 0.927734375 0.6855468750000002 0.927734375
0 0.91015625 1.0069849657051478e-16 0.734375 8.993499931238375e-17 0.734375 0.1738281250000001 0.91015625 0.1738281250000001
0 0.6328125 0.10742187500000008 0.58203125 0.10742187500000008 0.58203125 0.18164062500000006 0.6328125 0.18164062500000006
0 0.3457031250000001 0.505859375 0.2656250000000001 0.505859375 0.2656250000000001 0.583984375 0.3457031250000001 0.583984375
0 0.3203125000000001 0.658203125 0.24609375000000006 0.658203125 0.24609375000000008 0.75 0.3203125000000001 0.75
0 0.984375 0.7675781250000001 0.859375 0.767578125 0.859375 0.9042968750000001 0.984375 0.9042968750000002
0 0.0898437500000001 0.767578125 9.40012093876777e-17 0.767578125 1.0213362953826559e-16 0.900390625 0.08984375000000011 0.900390625
0 0.646484375 6.876678803805939e-17 0.4765625 5.836207402186606e-17 0.4765625 0.05468750000000007 0.646484375 0.05468750000000008