0 0.80859375 0.05078125000000009 0.69921875 0.05078125000000008 0.69921875 0.2929687500000001 0.80859375 0.2929687500000001
0 0.611328125 0.2910156250000001 0.52734375 0.2910156250000001 0.52734375 0.3671875000000001 0.611328125 0.3671875000000001
0 0.25 0.003906250000000018 0.0390625 0.003906250000000005 0.03906250000000001 0.14648437500000003 0.25 0.14648437500000006
0 0.06640625000000003 0.201171875 2.4636449279722144e-17 0.201171875 3.30080582582685e-17 0.337890625 0.06640625000000003 0.337890625
0 0.18164062500000003 0.185546875 0.09375000000000003 0.185546875 0.09375000000000003 0.27734375 0.18164062500000006 0.27734375
0 0.17773437500000008 0.517578125 0.003906250000000064 0.517578125 0.003906250000000078 0.744140625 0.1777343750000001 0.744140625
0 0.3515625000000001 0.7109375 0.2128906250000001 0.7109375 0.2128906250000001 0.828125 0.3515625000000001 0.828125
0 0.857421875 0.591796875 0.615234375 0.591796875 0.615234375 0.681640625 0.857421875 0.681640625
0 0.693359375 7.701880260262651e-17 0.564453125 6.912557127999709e-17 0.564453125 0.019531250000000076 0.693359375 0.019531250000000083
0 0.77734375 0.755859375 0.556640625 0.755859375 0.556640625 0.88671875 0.77734375 0.88671875
0 0.4921875000000001 0.94921875 0.3789062500000001 0.94921875 0.3789062500000001 0.990234375 0.4921875000000001 0.990234375
0 0.2011718750000001 0.771484375 0.08789062500000008 0.771484375 0.0878906250000001 0.83984375 0.2011718750000001 0.83984375