0 0.51171875 0.25390625000000006 0.44140625 0.25390625 0.44140625 0.31640625000000006 0.51171875 0.3164062500000001
0 0.5078125 0.12890625000000006 0.453125 0.12890625000000006 0.453125 0.21093750000000006 0.5078125 0.21093750000000006
0 0.18359375000000003 0.189453125 0.11328125000000003 0.189453125 0.11328125000000003 0.28125 0.18359375000000006 0.28125
0 0.4531250000000001 0.46875 0.3886718750000001 0.46875 0.3886718750000001 0.509765625 0.4531250000000001 0.509765625
0 0.7890625 0.3750000000000001 0.74609375 0.3750000000000001 0.74609375 0.4414062500000001 0.7890625 0.4414062500000001
0 0.783203125 0.60546875 0.701171875 0.60546875 0.701171875 0.669921875 0.783203125 0.669921875
0 0.4804687500000001 0.677734375 0.4121093750000001 0.677734375 0.4121093750000001 0.734375 0.4804687500000001 0.734375
0 0.568359375 0.779296875 0.517578125 0.779296875 0.517578125 0.845703125 0.568359375 0.845703125
0 0.7968750000000001 0.892578125 0.732421875 0.892578125 0.7324218750000001 0.955078125 0.7968750000000002 0.955078125
0 0.2089843750000001 0.794921875 0.1250000000000001 0.794921875 0.1250000000000001 0.83984375 0.2089843750000001 0.83984375
0 0.4257812500000001 0.9375 0.3671875000000001 0.9375 0.3671875000000001 0.974609375 0.4257812500000001 0.974609375
0 0.2265625000000001 0.869140625 0.1835937500000001 0.869140625 0.1835937500000001 0.91015625 0.2265625000000001 0.91015625