0 0.46875000000000006 0.45117187500000006 0.365234375 0.451171875 0.36523437500000006 0.595703125 0.4687500000000001 0.595703125
0 0.796875 0.4257812500000001 0.486328125 0.4257812500000001 0.48632812500000006 0.6328125 0.796875 0.6328125
0 0.345703125 0.20117187500000003 0.205078125 0.201171875 0.20507812500000003 0.2734375 0.345703125 0.2734375
0 0.08984375000000004 0.2109375 0.025390625000000028 0.2109375 0.025390625000000035 0.3515625 0.08984375000000006 0.3515625
0 0.17187500000000006 0.5546875 0.08984375000000006 0.5546875 0.08984375000000007 0.662109375 0.17187500000000006 0.662109375
0 0.4628906250000001 0.6796875 0.2910156250000001 0.6796875 0.2910156250000001 0.78515625 0.4628906250000001 0.78515625
0 0.791015625 0.4492187500000001 0.56640625 0.4492187500000001 0.56640625 0.638671875 0.791015625 0.638671875
0 0.8125 0.755859375 0.591796875 0.755859375 0.591796875 0.880859375 0.8125 0.880859375
0 1 0.7890625000000001 0.83984375 0.7890625 0.8398437500000001 0.9589843750000001 1 0.9589843750000002
0 0.728515625 0.19531250000000008 0.642578125 0.19531250000000006 0.642578125 0.2968750000000001 0.728515625 0.2968750000000001
0 0.2324218750000001 0.6875 0.05273437500000008 0.6875 0.05273437500000009 0.810546875 0.2324218750000001 0.810546875
0 0.3085937500000001 0.59375 0.22656250000000006 0.59375 0.22656250000000006 0.654296875 0.3085937500000001 0.654296875