0 0.21875000000000003 0.201171875 0.12890625 0.201171875 0.12890625000000003 0.26953125 0.21875000000000006 0.26953125
0 0.61328125 0.06445312500000007 0.513671875 0.06445312500000006 0.513671875 0.23242187500000006 0.61328125 0.23242187500000006
0 0.2812500000000001 0.7890625 0.1972656250000001 0.7890625 0.1972656250000001 0.890625 0.2812500000000001 0.890625
0 0.609375 0.6875 0.4746093750000001 0.6875 0.4746093750000001 0.810546875 0.609375 0.810546875
0 0.8105468750000001 0.900390625 0.673828125 0.900390625 0.6738281250000001 0.9765625 0.8105468750000002 0.9765625
0 0.826171875 0.3574218750000001 0.669921875 0.3574218750000001 0.669921875 0.4628906250000001 0.826171875 0.4628906250000001
0 0.84375 0.009765625000000094 0.68359375 0.009765625000000083 0.68359375 0.1875000000000001 0.84375 0.1875000000000001
0 0.349609375 0.025390625000000035 0.2421875 0.025390625000000028 0.2421875 0.07226562500000004 0.349609375 0.07226562500000006
0 0.5820312500000001 0.83984375 0.4550781250000001 0.83984375 0.4550781250000001 0.966796875 0.5820312500000002 0.966796875
0 0.3808593750000001 0.771484375 0.2910156250000001 0.771484375 0.2910156250000001 0.869140625 0.3808593750000001 0.869140625
0 0.3378906250000001 0.865234375 0.2675781250000001 0.865234375 0.2675781250000001 0.943359375 0.3378906250000001 0.943359375
0 0.06640625000000011 0.86328125 0.001953125000000106 0.86328125 0.001953125000000113 0.982421875 0.06640625000000011 0.982421875
0 0.08007812500000008 0.712890625 0.009765625000000087 0.712890625 0.009765625000000092 0.78125 0.08007812500000008 0.78125
0 0.283203125 0.14648437500000003 0.19921875 0.146484375 0.19921875 0.19335937500000003 0.283203125 0.19335937500000006
0 0.35546875 0.12109375000000004 0.283203125 0.12109375000000003 0.283203125 0.22070312500000006 0.35546875 0.22070312500000006