0 0.50390625 0.66015625 0.3652343750000001 0.66015625 0.3652343750000001 0.78125 0.50390625 0.78125
0 0.71875 0.71484375 0.638671875 0.71484375 0.638671875 0.8046875 0.71875 0.8046875
0 0.603515625 0.548828125 0.515625 0.548828125 0.515625 0.634765625 0.603515625 0.634765625
0 0.4472656250000001 0.466796875 0.3339843750000001 0.466796875 0.3339843750000001 0.583984375 0.4472656250000001 0.583984375
0 0.810546875 0.4433593750000001 0.728515625 0.4433593750000001 0.728515625 0.537109375 0.810546875 0.537109375
0 0.791015625 0.3476562500000001 0.701171875 0.3476562500000001 0.701171875 0.4160156250000001 0.791015625 0.4160156250000001
0 0.30664062500000006 0.341796875 0.13476562500000006 0.341796875 0.13476562500000006 0.513671875 0.3066406250000001 0.513671875
0 0.419921875 0.20312500000000006 0.306640625 0.20312500000000006 0.306640625 0.24609375000000006 0.419921875 0.24609375000000006
0 0.23242187500000003 0.20703125000000003 0.1328125 0.20703125 0.13281250000000003 0.265625 0.23242187500000006 0.265625
0 0.51171875 0.32421875000000006 0.423828125 0.32421875 0.423828125 0.42773437500000006 0.51171875 0.4277343750000001
0 0.23046875 0.10742187500000001 0.10546875 0.107421875 0.10546875000000001 0.17382812500000003 0.23046875 0.17382812500000006