0 0.41796875000000006 0.423828125 0.30078125 0.423828125 0.30078125000000006 0.58203125 0.4179687500000001 0.58203125
0 0.7734375 0.39062500000000006 0.4296875 0.390625 0.42968750000000006 0.619140625 0.7734375 0.619140625
0 0.29296875 0.15429687500000003 0.13671875 0.154296875 0.13671875000000003 0.23437500000000003 0.29296875 0.23437500000000006
0 0.01562500000000003 0.166015625 2.033105037646973e-17 0.166015625 2.9779009080829195e-17 0.3203125 0.01562500000000004 0.3203125
0 0.09179687500000007 0.5390625 6.601611651653701e-17 0.5390625 7.319178135529103e-17 0.65625 0.09179687500000008 0.65625
0 0.4042968750000001 0.671875 0.21289062500000006 0.671875 0.21289062500000008 0.787109375 0.4042968750000001 0.787109375
0 0.767578125 0.4160156250000001 0.517578125 0.4160156250000001 0.517578125 0.625 0.767578125 0.625
0 0.78125 0.748046875 0.537109375 0.748046875 0.537109375 0.88671875 0.78125 0.88671875
0 0.9765625000000001 0.7832031250000001 0.8046875 0.783203125 0.8046875000000001 0.9687500000000001 0.9765625000000002 0.9687500000000002
0 0.70703125 0.14257812500000008 0.611328125 0.14257812500000006 0.611328125 0.2539062500000001 0.70703125 0.2539062500000001
0 0.1542968750000001 0.681640625 8.347690095750514e-17 0.681640625 9.184850993605148e-17 0.818359375 0.1542968750000001 0.818359375
0 0.24023437500000006 0.580078125 0.14843750000000006 0.580078125 0.14843750000000006 0.646484375 0.24023437500000006 0.646484375