0 0.287109375 0.283203125 0.14648437500000006 0.283203125 0.14648437500000006 0.39453125 0.287109375 0.39453125
0 0.47070312500000006 0.43750000000000006 0.296875 0.4375 0.29687500000000006 0.5703125 0.4707031250000001 0.5703125
0 0.4277343750000001 0.615234375 0.3339843750000001 0.615234375 0.3339843750000001 0.69921875 0.4277343750000001 0.69921875
0 0.4570312500000001 0.810546875 0.3144531250000001 0.810546875 0.3144531250000001 0.93359375 0.4570312500000001 0.93359375
0 0.267578125 0.023437500000000024 0.09765625 0.023437500000000014 0.09765625000000001 0.21289062500000003 0.267578125 0.21289062500000006
0 0.4140625 0.14257812500000006 0.365234375 0.14257812500000006 0.365234375 0.21289062500000006 0.4140625 0.21289062500000006
0 0.720703125 0.513671875 0.64453125 0.513671875 0.64453125 0.583984375 0.720703125 0.583984375
0 0.740234375 0.66015625 0.66796875 0.66015625 0.66796875 0.744140625 0.740234375 0.744140625
0 0.1464843750000001 0.802734375 0.025390625000000097 0.802734375 0.025390625000000104 0.9296875 0.1464843750000001 0.9296875
0 0.98828125 0.7539062500000001 0.892578125 0.75390625 0.892578125 0.8769531250000001 0.98828125 0.8769531250000002
0 0.517578125 0.007812500000000052 0.3515625 0.007812500000000042 0.3515625 0.08398437500000006 0.517578125 0.08398437500000006