0 0.857421875 0.3671875000000001 0.78125 0.3671875000000001 0.78125 0.4218750000000001 0.857421875 0.4218750000000001
0 0.59765625 0.3730468750000001 0.529296875 0.3730468750000001 0.529296875 0.4296875000000001 0.59765625 0.4296875000000001
0 0.345703125 0.19335937500000006 0.26953125 0.19335937500000006 0.26953125 0.2578125 0.345703125 0.2578125
0 0.90234375 0.4492187500000001 0.8046875 0.4492187500000001 0.8046875 0.4980468750000001 0.90234375 0.4980468750000001
0 0.3925781250000001 0.505859375 0.2519531250000001 0.505859375 0.2519531250000001 0.599609375 0.3925781250000001 0.599609375
0 0.22265625000000006 0.4296875 0.12304687500000006 0.4296875 0.12304687500000006 0.55859375 0.22265625000000006 0.55859375
0 0.14062500000000006 0.30859375 0.06054687500000004 0.30859375 0.06054687500000005 0.408203125 0.14062500000000006 0.408203125
0 0.22265625000000003 0.15234375 0.140625 0.15234375 0.14062500000000003 0.283203125 0.22265625000000006 0.283203125
0 0.537109375 0.67578125 0.4042968750000001 0.67578125 0.4042968750000001 0.759765625 0.537109375 0.759765625
0 0.4921875000000001 0.779296875 0.3574218750000001 0.779296875 0.3574218750000001 0.896484375 0.4921875000000001 0.896484375
0 0.1640625000000001 0.884765625 0.02929687500000011 0.884765625 0.029296875000000118 1 0.1640625000000001 1