0 0.314453125 0.11523437500000003 0.2421875 0.11523437500000003 0.2421875 0.16796875000000006 0.314453125 0.16796875000000006
0 0.73828125 0.3164062500000001 0.666015625 0.3164062500000001 0.666015625 0.4472656250000001 0.73828125 0.4472656250000001
0 0.74609375 0.548828125 0.642578125 0.548828125 0.642578125 0.625 0.74609375 0.625
0 0.7578125 0.673828125 0.63671875 0.673828125 0.63671875 0.771484375 0.7578125 0.771484375
0 0.927734375 0.4199218750000001 0.82421875 0.4199218750000001 0.82421875 0.5175781250000001 0.927734375 0.5175781250000002
0 0.3847656250000001 0.7734375 0.2949218750000001 0.7734375 0.2949218750000001 0.837890625 0.3847656250000001 0.837890625
0 0.5703125 0.3164062500000001 0.5 0.3164062500000001 0.5 0.3671875000000001 0.5703125 0.3671875000000001
0 0.81640625 0.1191406250000001 0.58984375 0.11914062500000008 0.58984375 0.24414062500000008 0.81640625 0.2441406250000001
0 0.07617187500000008 0.654296875 0.00976562500000008 0.654296875 0.009765625000000087 0.77734375 0.07617187500000008 0.77734375
0 0.22070312500000006 0.408203125 0.15234375000000006 0.408203125 0.15234375000000006 0.498046875 0.22070312500000006 0.498046875
0 0.857421875 0.3203125000000001 0.798828125 0.3203125000000001 0.798828125 0.3828125000000001 0.857421875 0.3828125000000001