0 0.66015625 0.693359375 0.505859375 0.693359375 0.505859375 0.826171875 0.66015625 0.826171875
0 0.3593750000000001 0.75390625 0.2695312500000001 0.75390625 0.2695312500000001 0.8515625 0.3593750000000001 0.8515625
0 0.4921875000000001 0.5703125 0.3945312500000001 0.5703125 0.3945312500000001 0.666015625 0.4921875000000001 0.666015625
0 0.69140625 0.4804687500000001 0.56640625 0.4804687500000001 0.56640625 0.609375 0.69140625 0.609375
0 0.2578125000000001 0.455078125 0.16601562500000006 0.455078125 0.16601562500000006 0.55859375 0.2578125000000001 0.55859375
0 0.28515625 0.349609375 0.18554687500000006 0.349609375 0.18554687500000006 0.42578125 0.28515625 0.42578125
0 0.908203125 0.3437500000000001 0.71875 0.3437500000000001 0.71875 0.5312500000000001 0.908203125 0.5312500000000002
0 0.716796875 0.19140625000000008 0.591796875 0.19140625000000006 0.591796875 0.23828125000000008 0.716796875 0.2382812500000001
0 0.908203125 0.1953125000000001 0.798828125 0.1953125000000001 0.798828125 0.2597656250000001 0.908203125 0.2597656250000001
0 0.58984375 0.3242187500000001 0.4921875 0.3242187500000001 0.4921875 0.4375000000000001 0.58984375 0.4375000000000001
0 0.9375 0.08593750000000011 0.798828125 0.08593750000000011 0.798828125 0.1582031250000001 0.9375 0.1582031250000001