0 0.689453125 0.23242187500000008 0.607421875 0.23242187500000006 0.607421875 0.3066406250000001 0.689453125 0.3066406250000001
0 0.76171875 0.2187500000000001 0.701171875 0.2187500000000001 0.701171875 0.2851562500000001 0.76171875 0.2851562500000001
0 0.75 0.10546875000000008 0.65625 0.10546875000000008 0.65625 0.16601562500000008 0.75 0.1660156250000001
0 0.353515625 0.17382812500000006 0.2734375 0.17382812500000006 0.2734375 0.22460937500000006 0.353515625 0.22460937500000006
0 0.25000000000000006 0.265625 0.025390625000000035 0.265625 0.025390625000000052 0.5703125 0.2500000000000001 0.5703125
0 0.1308593750000001 0.724609375 0.01171875000000009 0.724609375 0.011718750000000104 0.94921875 0.1308593750000001 0.94921875
0 0.3769531250000001 0.71484375 0.2695312500000001 0.71484375 0.2695312500000001 0.923828125 0.3769531250000001 0.923828125
0 0.58984375 0.546875 0.3808593750000001 0.546875 0.3808593750000001 0.671875 0.58984375 0.671875
0 0.9296875 0.5683593750000001 0.78125 0.568359375 0.78125 0.7597656250000001 0.9296875 0.7597656250000002
0 0.748046875 0.4316406250000001 0.6796875 0.4316406250000001 0.6796875 0.513671875 0.748046875 0.513671875
0 0.7988281250000001 0.89453125 0.69140625 0.89453125 0.6914062500000001 0.990234375 0.7988281250000002 0.990234375