0 0.21289062500000003 0.208984375 0.154296875 0.208984375 0.15429687500000003 0.298828125 0.21289062500000006 0.298828125
0 0.4375 0.23242187500000006 0.296875 0.23242187500000006 0.296875 0.390625 0.4375 0.390625
0 0.47070312500000006 0.42968750000000006 0.37109375 0.4296875 0.37109375000000006 0.55078125 0.4707031250000001 0.55078125
0 0.615234375 0.4453125000000001 0.494140625 0.4453125000000001 0.49414062500000006 0.56640625 0.615234375 0.56640625
0 0.810546875 0.3710937500000001 0.62890625 0.3710937500000001 0.62890625 0.56640625 0.810546875 0.56640625
0 0.69140625 0.046875000000000076 0.62109375 0.04687500000000007 0.62109375 0.2519531250000001 0.69140625 0.2519531250000001
0 0.81640625 0.1640625000000001 0.736328125 0.1640625000000001 0.736328125 0.2500000000000001 0.81640625 0.2500000000000001
0 0.57421875 0.2539062500000001 0.52734375 0.2539062500000001 0.52734375 0.3320312500000001 0.57421875 0.3320312500000001
0 0.16601562500000006 0.349609375 0.07617187500000006 0.349609375 0.07617187500000006 0.4296875 0.16601562500000006 0.4296875
0 0.3398437500000001 0.7265625 0.2109375000000001 0.7265625 0.2109375000000001 0.796875 0.3398437500000001 0.796875
0 1 0.2109375000000001 0.916015625 0.2109375000000001 0.916015625 0.3105468750000001 1 0.3105468750000001
0 1 0.04687500000000011 0.849609375 0.0468750000000001 0.849609375 0.1972656250000001 1 0.1972656250000001