0 0.734375 0.009765625000000078 0.5390625 0.009765625000000066 0.5390625 0.13476562500000008 0.734375 0.1347656250000001
0 1 0.015625000000000118 0.91015625 0.01562500000000011 0.91015625 0.11718750000000011 1 0.11718750000000011
0 0.69921875 0.2597656250000001 0.591796875 0.2597656250000001 0.591796875 0.3515625000000001 0.69921875 0.3515625000000001
0 0.34375 0.20507812500000006 0.265625 0.20507812500000006 0.265625 0.294921875 0.34375 0.294921875
0 0.337890625 0.3828125 0.26953125 0.3828125 0.26953125 0.431640625 0.337890625 0.431640625
0 0.62109375 0.4394531250000001 0.548828125 0.4394531250000001 0.548828125 0.52734375 0.62109375 0.52734375
0 0.896484375 0.578125 0.736328125 0.578125 0.736328125 0.73828125 0.896484375 0.73828125
0 0.8984375000000001 0.78125 0.76171875 0.78125 0.7617187500000001 0.96875 0.8984375000000002 0.96875
0 0.65625 0.794921875 0.58203125 0.794921875 0.58203125 0.86328125 0.65625 0.86328125
0 0.10546875000000007 0.54296875 0.01562500000000007 0.54296875 0.015625000000000073 0.615234375 0.10546875000000008 0.615234375
0 0.814453125 0.4199218750000001 0.748046875 0.4199218750000001 0.748046875 0.4863281250000001 0.814453125 0.4863281250000001