0 0.24414062500000006 0.365234375 0.16992187500000006 0.365234375 0.16992187500000006 0.416015625 0.24414062500000006 0.416015625
0 0.48828125 0.37304687500000006 0.421875 0.373046875 0.421875 0.42578125000000006 0.48828125 0.4257812500000001
0 0.73828125 0.20117187500000008 0.6640625 0.20117187500000006 0.6640625 0.2636718750000001 0.73828125 0.2636718750000001
0 0.22070312500000006 0.443359375 0.12695312500000006 0.443359375 0.12695312500000006 0.490234375 0.22070312500000006 0.490234375
0 0.755859375 0.50390625 0.62109375 0.50390625 0.62109375 0.59375 0.755859375 0.59375
0 0.880859375 0.4316406250000001 0.78515625 0.4316406250000001 0.78515625 0.556640625 0.880859375 0.556640625
0 0.94140625 0.3164062500000001 0.86328125 0.3164062500000001 0.86328125 0.4121093750000001 0.94140625 0.4121093750000001
0 0.86328125 0.1640625000000001 0.78515625 0.1640625000000001 0.78515625 0.2890625000000001 0.86328125 0.2890625000000001
0 0.609375 0.66796875 0.4824218750000001 0.66796875 0.4824218750000001 0.748046875 0.609375 0.748046875
0 0.65625 0.767578125 0.525390625 0.767578125 0.525390625 0.880859375 0.65625 0.880859375
0 0.9746093750000001 0.8750000000000001 0.84375 0.875 0.8437500000000001 0.9902343750000001 0.9746093750000002 0.9902343750000002