0 1 0.6542968750000002 0.966796875 0.6542968750000002 0.9667968750000001 0.9453125000000002 1 0.9453125000000002
0 0.779296875 0.744140625 0.689453125 0.744140625 0.689453125 0.8359375 0.779296875 0.8359375
0 0.759765625 0.4882812500000001 0.697265625 0.4882812500000001 0.697265625 0.548828125 0.759765625 0.548828125
0 0.8671875 0.4843750000000001 0.7734375 0.4843750000000001 0.7734375 0.57421875 0.8671875 0.57421875
0 0.69140625 0.3730468750000001 0.533203125 0.3730468750000001 0.533203125 0.4804687500000001 0.69140625 0.4804687500000001
0 0.505859375 0.39648437500000006 0.412109375 0.396484375 0.41210937500000006 0.52734375 0.505859375 0.52734375
0 0.4980468750000001 0.658203125 0.3417968750000001 0.658203125 0.3417968750000001 0.744140625 0.4980468750000001 0.744140625
0 0.654296875 0.634765625 0.583984375 0.634765625 0.583984375 0.705078125 0.654296875 0.705078125
0 0.369140625 0.11132812500000004 0.240234375 0.11132812500000003 0.240234375 0.18750000000000006 0.369140625 0.18750000000000006
0 0.08789062500000003 0.15234375 0.02343750000000002 0.15234375 0.023437500000000028 0.259765625 0.08789062500000003 0.259765625
0 0.76953125 0.10742187500000008 0.705078125 0.10742187500000008 0.705078125 0.1894531250000001 0.76953125 0.1894531250000001
0 0.900390625 0.712890625 0.826171875 0.712890625 0.826171875 0.810546875 0.900390625 0.810546875
0 0.17578125000000006 0.533203125 0.10742187500000006 0.533203125 0.10742187500000007 0.623046875 0.17578125000000006 0.623046875
0 0.7597656250000001 0.861328125 0.69140625 0.861328125 0.6914062500000001 0.939453125 0.7597656250000002 0.939453125