0 0.279296875 0.10351562500000003 0.19140625 0.10351562500000003 0.19140625000000003 0.32421875 0.279296875 0.32421875
0 0.435546875 0.3203125 0.361328125 0.3203125 0.361328125 0.390625 0.435546875 0.390625
0 0.896484375 0.0488281250000001 0.708984375 0.04882812500000008 0.708984375 0.1757812500000001 0.896484375 0.1757812500000001
0 0.95703125 0.2265625000000001 0.869140625 0.2265625000000001 0.869140625 0.3496093750000001 0.95703125 0.3496093750000001
0 0.83984375 0.2148437500000001 0.763671875 0.2148437500000001 0.763671875 0.2968750000000001 0.83984375 0.2968750000000001
0 0.900390625 0.51953125 0.75 0.51953125 0.75 0.7265625 0.900390625 0.7265625
0 0.703125 0.703125 0.580078125 0.703125 0.580078125 0.80859375 0.703125 0.80859375
0 0.3398437500000001 0.603515625 0.11914062500000008 0.603515625 0.11914062500000008 0.681640625 0.3398437500000001 0.681640625
0 0.41796875 0.005859375000000044 0.30078125 0.005859375000000036 0.30078125 0.07031250000000004 0.41796875 0.07031250000000006
0 0.3828125000000001 0.75390625 0.1855468750000001 0.75390625 0.1855468750000001 0.869140625 0.3828125000000001 0.869140625
0 0.5410156250000002 0.92578125 0.4394531250000001 0.92578125 0.4394531250000001 0.98046875 0.5410156250000002 0.98046875
0 0.818359375 0.755859375 0.716796875 0.755859375 0.716796875 0.81640625 0.818359375 0.81640625